2018110806
2018110807
2018110808
2018110809
2018110810
2018110811
2018110812
2018110813
2018110814
2018110815
2018110816
2018110817
2018110818
2018110819
2018110820
2018110821
2018110822
2018110823
2018110900
2018110901
2018110902
2018110903
2018110904
2018110905
2018110906
2018110907
2018110908
2018110909
2018110910
2018110911
2018110912
2018110913
2018110914
2018110915
2018110916
2018110917
2018110918
2018110919
2018110920
2018110921
2018110922
2018110923
2018111000
2018111001
2018111002
2018111003
2018111004
2018111005
2018111006
2018111007
2018111008
2018111009
2018111010
2018111011
2018111012
2018111013
2018111014
2018111015
2018111016
2018111017
2018111018
2018111019
2018111020
2018111021
2018111022
2018111023
2018111100
2018111101
2018111102
2018111103
2018111104
2018111105
2018111106
2018111107
2018111108
2018111109
2018111110
2018111111
2018111112
2018111113
2018111114
2018111115
2018111116
2018111117
2018111118
2018111119
2018111120
2018111121
2018111122
2018111123
2018111200
2018111201
2018111202
2018111203
2018111204
2018111205
2018111206
2018111207
2018111208
2018111209
2018111210
2018111211
2018111212
2018111213
2018111214
2018111215
2018111216
2018111217
2018111218
2018111219
2018111220
2018111221
2018111222
2018111223
2018111300
2018111301
2018111302
2018111303
2018111304
2018111305
2018111306
2018111307
2018111308
2018111309
2018111310
2018111311
2018111312
2018111313
2018111314
2018111315
2018111316
2018111317
2018111318
2018111319
2018111320
2018111321
2018111322
2018111323
2018111400
2018111401
2018111402
2018111403
2018111404
2018111405
2018111406
2018111407
2018111408
2018111409
2018111410
2018111411
2018111412
2018111413
2018111414
2018111415
2018111416
2018111417
2018111418
2018111419
2018111420
2018111421
2018111422
2018111423
2018111500
2018111501
2018111502
2018111503
2018111504
2018111505
2018111506
2018111507
2018111508
2018111509
2018111510
2018111511
2018111512
2018111513
2018111514
2018111515
2018111516
2018111517
2018111518
2018111519
2018111520
2018111521
2018111522
2018111523
2018111600
2018111601
2018111602
2018111603
2018111604
2018111605
2018111606
2018111607
2018111608
2018111609
2018111610
2018111611
2018111612
2018111613
2018111614
2018111615
2018111616
2018111617
2018111618
2018111619
2018111620
2018111621
2018111622
2018111623
2018111700
2018111701
2018111702
2018111703
2018111704
2018111705
2018111706
2018111707
2018111708
2018111709
2018111710
2018111711
2018111712
2018111713
2018111714
2018111715
2018111716
2018111717
2018111718
2018111719
2018111720
2018111721
2018111722
2018111723
2018111800
2018111801
2018111802
2018111803
2018111804
2018111805
2018111806
2018111807
2018111808
2018111809
2018111810
2018111811
2018111812
2018111813
2018111814
2018111815
2018111816
2018111817
2018111818
2018111819
2018111820
2018111821
2018111822
2018111823
2018111900
2018111901
2018111902
2018111903
2018111904
2018111905
2018111906
2018111907
2018111908
2018111909
2018111910
2018111911
2018111912
2018111913
2018111914
2018111915
2018111916
2018111917
2018111918
2018111919
2018111920
2018111921
2018111922
2018111923
2018112000
2018112001
2018112002
2018112003
2018112004
2018112005
2018112006
2018112007
2018112008
2018112009
2018112010
2018112011
2018112012
2018112013
2018112014
2018112015
2018112016
2018112017
2018112018
2018112019
2018112020
2018112021
2018112022
2018112023
2018112100
2018112101
2018112102
2018112103
2018112104
2018112105
2018112106
2018112107
2018112108
2018112109
2018112110
2018112111
2018112112
2018112113
2018112114
2018112115
2018112116
2018112117
2018112118
2018112119
2018112120
2018112121
2018112122
2018112123
